Name                  Team  Pos  Alt  Age  Height  Weight  POT  CON  GRE  SH   PL   ST   CH   PO   HI   SK   EN   PE   FA   LE   SR   FI   IN   OF   DF   OA
Richard Panik         COL   RW   LW   29   6'1     208     54   50   120  78   71   74   74   74   73   74   74   82   65   65   74   45   79   74   73   73
Marko Dano            RFA   RW   C    25   5'11    183     55   50   120  76   74   74   70   72   68   75   72   78   65   63   64   51   82   74   70   71
Peter Cehlarik        UFA   RW   LW   24   6'2     202     54   50   120  58   71   62   60   62   73   59   70   80   74   61   72   76   78   63   65   68
Radovan Pulis         UFA   RW   C    28   6'1     209     53   50   120  63   58   61   56   51   50   69   57   79   58   56   58   31   55   60   52   62
Maxim Cajkovic        Juni  RW   LW   19   5'11    187     53   50   120  48   47   48   55   53   52   50   57   66   60   51   50   14   77   47   53   57
Libor Dundl           Draf  RW   LW   20   6'2     222     53   50   120  61   56   59   38   36   34   62   65   78   36   52   53   10   70   58   36   56
Benedikt Semen        Juni  RW   LW   20   6'2     200     53   50   120  49   41   56   43   44   49   66   60   67   27   60   55   18   85   48   45   56
Norbert Kuszik        Draf  RW   C    19   6'1     190     53   50   120  52   41   53   36   43   36   62   42   71   28   64   54   14   87   48   38   53
Boleslav Siodmak      Juni  RW   C    17   6'1     199     53   50   120  42   38   44   44   45   45   52   53   72   30   50   57   15   74   41   44   53
Vaclav Demitra        Draf  RW   C    17   5'11    172     55   50   120  45   38   34   48   51   34   56   54   83   22   59   41   17   69   39   44   52
Patrik Hrehorcak      Draf  RW   C    21   5'10    178     53   50   120  58   52   56   39   42   31   59   34   68   41   45   37   60   74   55   37   52
Marian Studenic       Juni  RW   C    21   6'1     164     51   50   120  54   45   46   44   39   38   57   31   81   51   48   39   27   79   48   40   52
Josef Bacurik         Draf  RW   LW   19   6'3     218     53   50   120  43   41   43   42   38   36   44   57   67   37   57   57   14   73   42   38   52
Jiri Poklop           Draf  RW   -    18   6'2     185     54   50   120  44   49   52   19   27   50   40   52   36   36   53   50   43   76   48   32   48
Alexej Bicanek        Draf  RW   LW   17   6'0     172     52   50   120  32   39   45   22   18   18   36   45   75   31   37   29   11   57   38   19   43
Marian Gaborik        UFA   RW   LW   38   6'1     205     55   50   120  10   19   16   10   10   10   10   10   31   10   15   10   10   56   15   10   25
Tomas Tatar           ANA   LW   RW   29   5'10    186     53   50   120  80   74   78   73   70   69   81   79   82   76   62   69   46   75   77   70   74
Tomas Jurco           VGK   LW   RW   27   6'2     188     55   50   120  76   77   75   75   75   70   75   74   85   76   59   73   54   81   76   73   74
Martin Reway          BUF   LW   C    25   5'8     184     58   50   120  73   75   78   70   73   56   76   77   75   76   65   64   76   74   75   66   72
Marek Hrivik          UFA   LW   C    28   6'2     205     55   50   120  59   65   71   71   74   64   72   69   89   66   58   67   32   70   65   69   70
Marian Hossa          CHI   LW   RW   41   6'1     210     55   50   120  74   68   75   73   69   55   80   52   76   62   72   65   41   73   72   65   69
Radovan Bondra        CHW   LW   RW   23   6'5     217     59   50   120  50   61   60   65   58   52   70   70   81   65   55   70   52   81   57   58   65
Milos Roman           WIL   LW   C    20   6'0     188     53   50   120  56   55   53   55   55   63   57   73   81   75   45   44   66   73   54   57   62
Adam Liska            CHA   LW   RW   20   6'0     180     53   50   120  56   54   65   46   58   40   64   61   79   58   49   52   29   74   58   48   60
Jakub Lacka           Draf  LW   RW   21   5'11    176     53   50   120  56   61   58   59   62   51   56   49   67   52   50   45   44   71   58   57   59
Milos Spacek          Draf  LW   RW   20   6'2     202     52   50   120  43   63   57   43   40   37   61   63   73   34   62   51   20   72   54   40   56
Josef Kralikov        Juni  LW   C    18   6'4     230     54   50   120  53   52   52   42   38   53   46   58   51   32   63   63   44   92   52   44   55
Otakar Kurzka         Draf  LW   RW   18   5'11    188     53   50   120  57   46   58   33   30   29   63   60   75   21   53   36   12   56   53   30   52
Cenek Horvat          Draf  LW   C    19   6'4     222     53   50   120  42   41   44   42   39   34   51   51   77   29   62   50   17   64   42   38   52
Jaroslav Halak        TBL   G    -    35   5'10    186     56   50   120  76   76   78   76   78   78   76   56   73   70   70   67   36   79   76   77   73
Peter Budaj           UFA   G    -    37   6'1     196     53   50   120  73   72   73   73   72   73   72   65   74   72   68   63   29   85   72   72   71
Maximilian Pajpach    COE   G    -    24   6'1     207     50   50   120  72   70   72   70   71   70   70   67   77   67   53   56   40   77   71   70   69
Matej Tomek           LHV   G    -    23   6'3     180     50   50   120  72   72   70   70   71   72   71   70   77   47   50   70   33   82   71   71   68
Jaroslav Janus        UFA   G    -    30   6'1     189     51   50   120  63   60   63   63   62   61   65   66   72   61   52   56   32   79   62   62   64
Adam Huska            HAR   G    -    23   6'3     199     51   50   120  63   63   62   63   63   62   62   62   72   59   52   62   40   79   62   62   64
Erik Cernak           TBL   D    -    23   6'3     203     56   50   120  72   71   72   78   77   78   77   78   76   77   64   78   78   85   71   77   74
Zdeno Chara           Reti  D    -    43   6'9     255     56   50   120  71   61   64   76   76   71   66   75   67   45   78   91   64   79   65   74   71
Andrej Meszaros       UFA   D    -    34   6'2     223     55   50   120  65   62   68   74   70   70   77   77   74   49   72   78   30   74   65   71   70
Christian Jaros       BEL   D    -    24   6'3     201     55   50   120  64   50   53   74   75   75   72   75   73   77   54   69   53   81   55   74   69
Martin Marincin       UFA   D    -    28   6'4     210     56   50   120  58   47   38   72   73   74   69   64   80   57   58   76   40   81   47   73   66
Michal Cajkovsky      UFA   D    -    28   6'4     200     57   50   120  68   50   50   72   65   72   62   81   60   48   57   74   51   78   56   69   65
Martin Bodak          LAV   D    -    21   6'1     194     51   50   120  64   63   48   73   72   63   55   52   80   64   59   54   53   77   58   69   64
Radovan Pyc           Draf  D    -    20   6'2     192     58   50   120  61   48   49   66   62   60   67   68   91   32   54   57   14   77   52   62   62
Michal Ivan           SDG   D    -    20   6'1     176     54   50   120  52   50   51   64   62   61   68   76   82   53   49   45   45   45   51   62   62
Martin Fehervary      Juni  D    -    20   6'1     190     54   50   120  57   49   59   69   70   65   62   50   78   56   51   50   39   72   55   68   62
Viktor Marcincak      Draf  D    -    18   6'3     214     59   50   120  58   56   50   49   50   45   66   56   80   32   67   68   57   62   54   48   60
Martin Gernat         UFA   D    -    27   6'4     202     55   50   120  45   49   53   67   61   58   62   52   73   48   59   60   39   83   49   62   60
Artur Pavolko         Draf  D    -    18   6'0     197     58   50   120  56   55   57   56   54   55   64   60   63   24   69   61   15   61   56   55   60
Adolf Mlaida          Draf  D    -    20   6'2     217     58   50   120  48   43   47   67   68   63   61   53   69   44   54   50   24   79   46   66   59
Peter Ceresnak        UFA   D    -    27   6'3     209     53   50   120  39   39   41   62   63   60   62   45   67   53   59   60   31   79   39   61   58
Otakar Kostkos        Juni  D    -    19   5'11    177     57   50   120  52   40   43   54   56   40   57   54   89   38   68   46   64   69   45   50   57
Andrej Sekera         BAK   D    -    34   6'0     201     58   50   120  42   45   65   72   60   42   67   47   59   28   49   58   10   72   50   58   57
Boris Zitek           Juni  D    -    18   6'0     181     58   50   120  42   47   31   55   60   57   52   62   74   24   57   55   13   75   40   57   56
Matous Kusnjer        Draf  D    -    19   6'0     184     56   50   120  30   32   35   60   54   51   56   51   85   41   55   52   34   74   32   55   55
Borek Beran           Draf  D    -    19   6'5     214     58   50   120  44   44   38   52   53   55   55   63   56   33   54   52   11   94   42   53   55
Jakub Feindel         Draf  D    -    18   6'2     190     59   50   120  27   38   35   30   32   30   42   47   90   37   33   39   35   61   33   30   47
Marek Viedensky       UFA   C    RW   29   6'4     210     59   50   120  53   55   60   73   72   67   68   78   79   70   60   72   31   79   56   70   69
Adam Ruzicka          SAR   C    LW   21   6'4     202     54   50   120  73   51   53   73   60   66   69   54   72   74   54   50   67   79   59   66   64
Robert Lucas          Juni  C    LW   19   6'0     207     55   50   120  41   42   44   61   64   59   65   54   59   63   58   56   16   70   42   61   59
Valentyn Fanfulik     Draf  C    RW   19   6'0     179     53   50   120  57   43   61   34   36   43   63   61   75   64   56   54   19   80   53   37   58
Petr Musil            Juni  C    RW   19   6'3     210     53   50   120  52   52   47   51   55   46   53   51   74   51   55   63   23   88   50   50   58
Dalimil Engleman      Draf  C    RW   20   6'3     199     54   50   120  57   60   47   43   43   61   50   56   45   65   64   61   41   80   54   49   58
Radovan Toman         Juni  C    -    20   6'2     195     53   50   120  45   54   49   36   47   41   56   57   64   63   60   59   19   59   49   41   56
Lubomir Zubaty        Juni  C    RW   19   5'11    179     55   50   120  53   53   52   48   49   39   53   58   66   52   64   40   28   84   52   45   56
Jeronym Otoupalik     Draf  C    LW   18   5'11    186     52   50   120  47   62   46   35   40   37   56   44   70   64   51   41   13   79   51   37   54
Artur Kraus           Draf  C    RW   22   6'3     226     54   50   120  37   38   33   39   45   64   44   60   52   52   59   60   34   69   36   49   53
Benedikt Stadler      Draf  C    LW   17   5'6     136     53   50   120  51   47   41   39   38   18   52   48   79   48   58   23   10   45   46   31   51
Dominik Leibovic      Draf  C    RW   18   6'2     219     53   50   120  39   57   42   31   31   27   33   61   77   57   43   31   17   91   46   29   50
